


finalmatches =

    21    49   317   353
    27    57   313   347
    40    69   311   343
    52    80   309   340
    95   126   316   338
   103   136   317   337
   117   156   328   344
   264   294   247   258
   266   299   239   241
   282   324   428   396
   288   312   167   180
   296   335   352   331
   301   339   349   328
   304   341   344   324
   306   328   142   160
   306   342   368   343
   308   336   151   169
   310   345   342   322
   312   346   352   329
   318   340   139   159
   318   343   182   192
   327   356   336   314
   327   356   346   322
   337   357   183   192
   361   376   121   141
   375   393   123   130



homography:

H =

   -0.7239   -0.3077   88.4399
   -0.1248   -0.6451   33.0756
   -0.0007   -0.0006   -0.2889

